1 24
2 48
3 85
4 134
5 196
6 283
7 382
8 495
9 622
10 761
11 927
12 1107
13 1300
14 1508
15 1730
16 1979
17 2243
18 2521
19 2815
20 3123
21 3460
22 3812
23 4180
24 4564
25 4963
26 5392
27 5837
28 6298
29 6776
30 7271
31 7796
32 8338
33 8898
34 9474
35 10068
36 10694
37 11338
38 11999
39 12679
40 13377
41 14108
42 14857
43 15625
44 16412
45 17219
46 18058
47 18918
48 19797
49 20696
50 21614
51 22568
52 23542
53 24536
54 25551
55 26586
56 27658
57 28750
58 29864
59 30999
60 32156
61 33349
62 34565
63 35802
64 37062
65 38344
66 39664
67 41007
68 42373
69 43762
70 45174
71 46625
72 48099
73 49597
74 51119
75 52666
76 54252
77 55862
78 57497
79 59157
80 60841
81 62567
82 64318
83 66094
84 67896
85 69723
86 71592
87 73488
88 75409
89 77357
90 79332
91 81349
92 83393
93 85465
94 87563
95 89689
96 91859
97 94056
98 96282
99 98535
100 100817
101 103143
102 105499
103 107882
104 110295
105 112737
106 115224
107 117741
108 120288
109 122864
110 125470
111 128123
112 130807
113 133520
114 136264
115 139039
116 141862
117 144715
118 147600
119 150517
120 153464
121 156461
122 159490
123 162550
124 165643
125 168768
126 171943
127 175151
128 178392
129 181665
130 184972
131 188330
132 191721
133 195146
134 198605
135 202097
136 205642
137 209221
138 212835
139 216483
140 220166
141 223902
142 227674
143 231480
144 235322
145 239199
146 243131
147 247099
148 251103
149 255143
150 259219
151 263351
152 267520
153 271725
154 275968
155 280247
156 284583
157 288957
158 293368
159 297817
160 302304
161 306849
162 311432
163 316054
164 320714
165 325413
166 330171
167 334968
168 339804
169 344679
170 349595
171 354570
172 359585
173 364640
174 369735
175 374870
176 380067
177 385304
178 390583
179 395902
180 401262
181 406685
182 412149
183 417654
184 423202
185 428792
186 434444
187 440139
188 445877
189 451657
190 457480
191 463368
192 469298
193 475272
194 481289
195 487350
196 493476
197 499646
198 505860
199 512119
200 518422
201 524791
202 531205
203 537664
204 544168
205 550717
206 557334
207 563996
208 570705
209 577459
210 584259
211 591127
212 598042
213 605004
214 612012
215 619068
216 626192
217 633364
218 640583
219 647850
220 655165
221 662550
222 669983
223 677465
224 684994
225 692573
226 700223
227 707921
228 715669
229 723466
230 731313
231 739232
232 747200
233 755219
234 763287
235 771406
236 779598
237 787841
238 796135
239 804479
240 812875
241 821345
242 829866
243 838439
244 847064
245 855740
246 864492
247 873297
248 882153
249 891062
250 900024
251 909062
252 918154
253 927299
254 936497
255 945748
256 955077
257 964460
258 973897
259 983388
260 992933
261 1002557
262 1012236
263 1021970
264 1031758
265 1041602
266 1051525
267 1061504
268 1071539
269 1081629
270 1091775
271 1102003
272 1112286
273 1122626
274 1133022
275 1143475
276 1154010
277 1164603
278 1175252
279 1185959
280 1196723
281 1207570
282 1218476
283 1229439
284 1240461
285 1251540
286 1262705
287 1273927
288 1285209
289 1296549
290 1307949
291 1319434
292 1330979
293 1342583
294 1354247
295 1365971
296 1377781
297 1389651
298 1401582
299 1413574
300 1425626
301 1437766
302 1449967
303 1462229
304 1474553
305 1486938
306 1499412
307 1511948
308 1524545
309 1537205
310 1549928
311 1562740
312 1575614
313 1588552
314 1601552
315 1614616
316 1627771
317 1640989
318 1654270
319 1667616
320 1681026
321 1694527
322 1708093
323 1721723
324 1735418
325 1749178
326 1763030
327 1776948
328 1790931
329 1804979
330 1819093
331 1833301
332 1847575
333 1861915
334 1876322
335 1890795
336 1905363
337 1919997
338 1934699
339 1949467
340 1964304
341 1979235
342 1994235
343 2009302
344 2024438
345 2039641
346 2054941
347 2070310
348 2085747
349 2101254
350 2116829
351 2132502
352 2148244
353 2164056
354 2179937
355 2195889
356 2211939
357 2228059
358 2244250
359 2260511
360 2276842
361 2293274
362 2309776
363 2326350
364 2342995
365 2359711
366 2376528
367 2393417
368 2410378
369 2427411
370 2444516
371 2461723
372 2479003
373 2496356
374 2513782
375 2531280
376 2548882
377 2566557
378 2584305
379 2602128
380 2620024
381 2638024
382 2656099
383 2674248
384 2692471
385 2710769
386 2729173
387 2747651
388 2766205
389 2784834
390 2803538
391 2822349
392 2841235
393 2860198
394 2879236
395 2898351
396 2917574
397 2936873
398 2956249
399 2975701
400 2995231
401 3014870
402 3034585
403 3054379
404 3074250
405 3094199
406 3114258
407 3134395
408 3154610
409 3174904
410 3195276
411 3215760
412 3236322
413 3256964
414 3277685
415 3298485
416 3319397
417 3340389
418 3361462
419 3382614
420 3403847
421 3425192
422 3446618
423 3468125
424 3489713
425 3511382
426 3533165
427 3555030
428 3576976
429 3599004
430 3621114
431 3643339
432 3665646
433 3688036
434 3710508
435 3733064
436 3755735
437 3778489
438 3801327
439 3824248
440 3847252
441 3870374
442 3893580
443 3916869
444 3940243
445 3963702
446 3987278
447 4010939
448 4034686
449 4058517
450 4082434
451 4106469
452 4130590
453 4154797
454 4179090
455 4203469
456 4227969
457 4252554
458 4277226
459 4301985
460 4326831
461 4351798
462 4376852
463 4401994
464 4427223
465 4452540
466 4477979
467 4503506
468 4529121
469 4554825
470 4580617
471 4606532
472 4632537
473 4658630
474 4684813
475 4711085
476 4737481
477 4763967
478 4790543
479 4817209
480 4843965
481 4870846
482 4897818
483 4924880
484 4952034
485 4979278
486 5006649
487 5034111
488 5061665
489 5089310
490 5117047
491 5144911
492 5172868
493 5200917
494 5229058
495 5257292
496 5285655
497 5314110
498 5342659
499 5371301
500 5400036
501 5428901
502 5457860
503 5486912
504 5516059
505 5545300
506 5574671
507 5604138
508 5633699
509 5663354
510 5693105
511 5722988
512 5752966
513 5783039
514 5813209
515 5843474
516 5873872
517 5904366
518 5934957
519 5965644
520 5996427
521 6027345
522 6058360
523 6089471
524 6120681
525 6151987
526 6183429
527 6214968
528 6246606
529 6278341
530 6310175
531 6342145
532 6374213
533 6406381
534 6438647
535 6471012
536 6503515
537 6536117
538 6568818
539 6601620
540 6634521
541 6667560
542 6700700
543 6733940
544 6767281
545 6800723
546 6834303
547 6867985
548 6901768
549 6935652
550 6969638
551 7003765
552 7037993
553 7072323
554 7106755
555 7141290
556 7175966
557 7210745
558 7245627
559 7280612
560 7315700
561 7350930
562 7386264
563 7421701
564 7457243
565 7492888
566 7528677
567 7564570
568 7600568
569 7636670
570 7672878
571 7709229
572 7745686
573 7782248
574 7818916
575 7855690
576 7892608
577 7929633
578 7966764
579 8004002
580 8041345
581 8078836
582 8116433
583 8154137
584 8191948
585 8229867
586 8267933
587 8306107
588 8344388
589 8382778
590 8421276
591 8459922
592 8498676
593 8537540
594 8576512
595 8615593
596 8654824
597 8694164
598 8733613
599 8773172
600 8812841
601 8852660
602 8892590
603 8932630
604 8972780
605 9013041
606 9053453
607 9093977
608 9134611
609 9175357
610 9216214
611 9257224
612 9298346
613 9339579
614 9380925
615 9422383
616 9463994
617 9505719
618 9547556
619 9589505
620 9631568
621 9673786
622 9716117
623 9758562
624 9801120
625 9843792
626 9886620
627 9929562
628 9972619
629 10015790
630 10059076
631 10102519
632 10146076
633 10189749
634 10233538
635 10277441
636 10321503
637 10365681
638 10409974
639 10454384
640 10498910
641 10543595
642 10588397
643 10633315
644 10678351
645 10723503
646 10768816
647 10814246
648 10859794
649 10905460
650 10951243
651 10997188
652 11043251
653 11089432
654 11135732
655 11182151
656 11228732
657 11275432
658 11322252
659 11369190
660 11416248
661 11463470
662 11510812
663 11558273
664 11605855
665 11653557
666 11701424
667 11749411
668 11797519
669 11845748
670 11894099
671 11942614
672 11991252
673 12040011
674 12088892
675 12137894
676 12187064
677 12236356
678 12285770
679 12335307
680 12384966
681 12434794
682 12484744
683 12534818
684 12585015
685 12635336
686 12685825
687 12736439
688 12787176
689 12838038
690 12889024
691 12940180
692 12991461
693 13042867
694 13094398
695 13146054
696 13197881
697 13249833
698 13301911
699 13354115
700 13406446
701 13458948
702 13511576
703 13564331
704 13617213
705 13670221
706 13723403
707 13776712
708 13830148
709 13883712
710 13937403
711 13991268
712 14045262
713 14099383
714 14153633
715 14208012
716 14262565
717 14317247
718 14372059
719 14426999
720 14482069
721 14537315
722 14592690
723 14648196
724 14703831
725 14759597
726 14815539
727 14871613
728 14927816
729 14984151
730 15040617
731 15097260
732 15154035
733 15210942
734 15267980
735 15325150
736 15382499
737 15439981
738 15497594
739 15555340
740 15613219
741 15671278
742 15729469
743 15787794
744 15846253
745 15904844
746 15963617
747 16022524
748 16081564
749 16140739
750 16200048
751 16259539
752 16319165
753 16378926
754 16438821
755 16498852
756 16559066
757 16619415
758 16679900
759 16740521
760 16801277
761 16862218
762 16923295
763 16984509
764 17045859
765 17107346
766 17169018
767 17230828
768 17292774
769 17354858
770 17417079
771 17479487
772 17542033
773 17604717
774 17667539
775 17730499
776 17793647
777 17856934
778 17920359
779 17983924
780 18047627
781 18111519
782 18175551
783 18239722
784 18304033
785 18368484
786 18433125
787 18497906
788 18562828
789 18627890
790 18693093
791 18758487
792 18824022
793 18889698
794 18955515
795 19021475
796 19087626
797 19153919
798 19220354
799 19286931
800 19353650
801 19420563
802 19487618
803 19554817
804 19622158
805 19689642
806 19757321
807 19825143
808 19893108
809 19961218
810 20029472
811 20097920
812 20166513
813 20235251
814 20304133
815 20373160
816 20442384
817 20511752
818 20581266
819 20650925
820 20720730
821 20790732
822 20860880
823 20931174
824 21001615
825 21072202
826 21142987
827 21213919
828 21284998
829 21356224
830 21427597
831 21499170
832 21570890
833 21642759
834 21714775
835 21786939
836 21859303
837 21931816
838 22004478
839 22077288
840 22150248
841 22223408
842 22296718
843 22370177
844 22443786
845 22517545
846 22591506
847 22665617
848 22739879
849 22814290
850 22888853
851 22963619
852 23038535
853 23113603
854 23188822
855 23264193
856 23339768
857 23415494
858 23491373
859 23567403
860 23643586
861 23719974
862 23796515
863 23873209
864 23950055
865 24027055
866 24104261
867 24181620
868 24259133
869 24336800
870 24414620
871 24492648
872 24570831
873 24649167
874 24727658
875 24806304
876 24885158
877 24964168
878 25043333
879 25122653
880 25202128
881 25281813
882 25361654
883 25441651
884 25521804
885 25602113
886 25682633
887 25763310
888 25844144
889 25925134
890 26006282
891 26087641
892 26169158
893 26250833
894 26332665
895 26414655
896 26496859
897 26579220
898 26661740
899 26744418
900 26827255
901 26910306
902 26993517
903 27076886
904 27160415
905 27244103
906 27328006
907 27412070
908 27496293
909 27580677
910 27665220
911 27749981
912 27834901
913 27919983
914 28005225
915 28090629
916 28176250
917 28262033
918 28347977
919 28434083
920 28520351
921 28606837
922 28693485
923 28780296
924 28867270
925 28954406
926 29041762
927 29129281
928 29216963
929 29304809
930 29392818
931 29481048
932 29569442
933 29657999
934 29746721
935 29835608
936 29924716
937 30013988
938 30103426
939 30193028
940 30282796
941 30372787
942 30462943
943 30553264
944 30643752
945 30734406
946 30825283
947 30916327
948 31007537
949 31098914
950 31190458
951 31282226
952 31374162
953 31466265
954 31558535
955 31650973
956 31743637
957 31836469
958 31929469
959 32022638
960 32115975
961 32209539
962 32303271
963 32397173
964 32491243
965 32585484
966 32679951
967 32774589
968 32869396
969 32964374
970 33059521
971 33154897
972 33250444
973 33346161
974 33442050
975 33538109
976 33634398
977 33730858
978 33827490
979 33924293
980 34021269
981 34118475
982 34215853
983 34313404
984 34411127
985 34509022
986 34607150
987 34705450
988 34803924
989 34902571
990 35001391
991 35100444
992 35199671
993 35299072
994 35398647
995 35498396
996 35598379
997 35698537
998 35798870
999 35899378
