1 120
2 242
3 425
4 671
5 979
6 1413
7 1912
8 2477
9 3108
10 3806
11 4635
12 5533
13 6501
14 7540
15 8650
16 9895
17 11214
18 12607
19 14074
20 15617
21 17301
22 19062
23 20901
24 22819
25 24816
26 26960
27 29185
28 31492
29 33882
30 36355
31 38980
32 41691
33 44488
34 47371
35 50342
36 53471
37 56688
38 59996
39 63395
40 66886
41 70538
42 74285
43 78126
44 82061
45 86093
46 90292
47 94589
48 98984
49 103478
50 108072
51 112839
52 117708
53 122679
54 127753
55 132931
56 138288
57 143750
58 149318
59 154994
60 160778
61 166746
62 172823
63 179011
64 185310
65 191722
66 198322
67 205036
68 211864
69 218808
70 225869
71 233123
72 240495
73 247986
74 255597
75 263328
76 271258
77 279310
78 287485
79 295784
80 304207
81 312835
82 321588
83 330469
84 339478
85 348614
86 357961
87 367438
88 377046
89 386785
90 396658
91 406745
92 416966
93 427323
94 437816
95 448445
96 459294
97 470282
98 481409
99 492676
100 504084
101 515717
102 527493
103 539412
104 551475
105 563683
106 576122
107 588707
108 601440
109 614321
110 627350
111 640616
112 654033
113 667601
114 681321
115 695194
116 709308
117 723577
118 738002
119 752583
120 767321
121 782305
122 797449
123 812752
124 828216
125 843840
126 859716
127 875756
128 891959
129 908327
130 924859
131 941649
132 958606
133 975731
134 993024
135 1010486
136 1028211
137 1046107
138 1064175
139 1082416
140 1100830
141 1119511
142 1138368
143 1157401
144 1176610
145 1195997
146 1215657
147 1235496
148 1255515
149 1275715
150 1296096
151 1316756
152 1337599
153 1358626
154 1379838
155 1401235
156 1422916
157 1444785
158 1466842
159 1489087
160 1511522
161 1534247
162 1557162
163 1580270
164 1603571
165 1627066
166 1650854
167 1674839
168 1699020
169 1723397
170 1747973
171 1772848
172 1797923
173 1823198
174 1848674
175 1874352
176 1900335
177 1926522
178 1952913
179 1979509
180 2006311
181 2033424
182 2060744
183 2088272
184 2116010
185 2143958
186 2172222
187 2200697
188 2229385
189 2258286
190 2287402
191 2316838
192 2346490
193 2376358
194 2406444
195 2436749
196 2467379
197 2498229
198 2529300
199 2560593
200 2592108
201 2623954
202 2656024
203 2688319
204 2720840
205 2753587
206 2786671
207 2819982
208 2853523
209 2887294
210 2921294
211 2955637
212 2990212
213 3025020
214 3060061
215 3095338
216 3130961
217 3166820
218 3202917
219 3239252
220 3275825
221 3312750
222 3349916
223 3387323
224 3424972
225 3462864
226 3501113
227 3539607
228 3578346
229 3617331
230 3656563
231 3696158
232 3736001
233 3776094
234 3816437
235 3857030
236 3897992
237 3939207
238 3980675
239 4022397
240 4064374
241 4106724
242 4149331
243 4192196
244 4235319
245 4278701
246 4322461
247 4366483
248 4410766
249 4455312
250 4500120
251 4545312
252 4590770
253 4636493
254 4682483
255 4728739
256 4775385
257 4822300
258 4869485
259 4916940
260 4964666
261 5012787
262 5061181
263 5109849
264 5158792
265 5208010
266 5257627
267 5307522
268 5357695
269 5408146
270 5458877
271 5510013
272 5561430
273 5613129
274 5665111
275 5717376
276 5770052
277 5823013
278 5876260
279 5929794
280 5983615
281 6037852
282 6092379
283 6147196
284 6202303
285 6257702
286 6313523
287 6369636
288 6426044
289 6482747
290 6539746
291 6597170
292 6654893
293 6712914
294 6771233
295 6829853
296 6888904
297 6948257
298 7007912
299 7067870
300 7128132
301 7188831
302 7249836
303 7311147
304 7372765
305 7434691
306 7497060
307 7559738
308 7622726
309 7686026
310 7749638
311 7813698
312 7878071
313 7942759
314 8007762
315 8073082
316 8138854
317 8204944
318 8271352
319 8338080
320 8405129
321 8472635
322 8540463
323 8608614
324 8677089
325 8745888
326 8815150
327 8884738
328 8954653
329 9024896
330 9095467
331 9166507
332 9237876
333 9309577
334 9381610
335 9453974
336 9526813
337 9599986
338 9673494
339 9747337
340 9821518
341 9896177
342 9971174
343 10046511
344 10122188
345 10198205
346 10274706
347 10351550
348 10428737
349 10506268
350 10584144
351 10662509
352 10741221
353 10820280
354 10899687
355 10979443
356 11059694
357 11140295
358 11221248
359 11302553
360 11384210
361 11466368
362 11548881
363 11631749
364 11714973
365 11798554
366 11882640
367 11967085
368 12051890
369 12137055
370 12222581
371 12308617
372 12395017
373 12481780
374 12568908
375 12656400
376 12744408
377 12832784
378 12921527
379 13010639
380 13100119
381 13190121
382 13280494
383 13371239
384 13462356
385 13553846
386 13645863
387 13738255
388 13831023
389 13924168
390 14017690
391 14111743
392 14206176
393 14300989
394 14396182
395 14491757
396 14587869
397 14684364
398 14781243
399 14878507
400 14976156
401 15074348
402 15172927
403 15271894
404 15371250
405 15470995
406 15571288
407 15671973
408 15773050
409 15874519
410 15976382
411 16078799
412 16181610
413 16284818
414 16388423
415 16492426
416 16596986
417 16701947
418 16807308
419 16913069
420 17019233
421 17125960
422 17233091
423 17340626
424 17448566
425 17556912
426 17665827
427 17775150
428 17884881
429 17995021
430 18105571
431 18216696
432 18328232
433 18440180
434 18552542
435 18665318
436 18778674
437 18892445
438 19006633
439 19121238
440 19236262
441 19351870
442 19467898
443 19584346
444 19701216
445 19818509
446 19936391
447 20054697
448 20173428
449 20292585
450 20412168
451 20532346
452 20652952
453 20773987
454 20895452
455 21017347
456 21139843
457 21262770
458 21386131
459 21509926
460 21634154
461 21758989
462 21884260
463 22009968
464 22136113
465 22262698
466 22389893
467 22517528
468 22645605
469 22774124
470 22903085
471 23032662
472 23162684
473 23293151
474 23424064
475 23555424
476 23687405
477 23819835
478 23952714
479 24086043
480 24219823
481 24354230
482 24489089
483 24624402
484 24760169
485 24896390
486 25033244
487 25170555
488 25308323
489 25446549
490 25585234
491 25724556
492 25864339
493 26004584
494 26145291
495 26286461
496 26428273
497 26570551
498 26713294
499 26856504
500 27000180
501 27144504
502 27289298
503 27434561
504 27580295
505 27726499
506 27873357
507 28020688
508 28168493
509 28316772
510 28465526
511 28614939
512 28764829
513 28915197
514 29066044
515 29217370
516 29369359
517 29521830
518 29674783
519 29828218
520 29982137
521 30136725
522 30291798
523 30447357
524 30603403
525 30759936
526 30917144
527 31074841
528 31233028
529 31391706
530 31550875
531 31710724
532 31871067
533 32031904
534 32193235
535 32355062
536 32517575
537 32680584
538 32844092
539 33008099
540 33172606
541 33337802
542 33503501
543 33669702
544 33836405
545 34003613
546 34171516
547 34339925
548 34508840
549 34678262
550 34848192
551 35018823
552 35189964
553 35361615
554 35533777
555 35706451
556 35879832
557 36053726
558 36228134
559 36403058
560 36578498
561 36754650
562 36931319
563 37108507
564 37286214
565 37464442
566 37643386
567 37822852
568 38002840
569 38183352
570 38364389
571 38546147
572 38728431
573 38911242
574 39094581
575 39278448
576 39463042
577 39648166
578 39833821
579 40020008
580 40206727
581 40394179
582 40582164
583 40770685
584 40959742
585 41149334
586 41339665
587 41530534
588 41721942
589 41913889
590 42106378
591 42299609
592 42493382
593 42687699
594 42882560
595 43077965
596 43274118
597 43470818
598 43668065
599 43865860
600 44064204
601 44263301
602 44462949
603 44663148
604 44863899
605 45065203
606 45267266
607 45469883
608 45673056
609 45876785
610 46081070
611 46286120
612 46491729
613 46697897
614 46904625
615 47111914
616 47319972
617 47528593
618 47737778
619 47947527
620 48157841
621 48368929
622 48580585
623 48792808
624 49005600
625 49218960
626 49433100
627 49647812
628 49863095
629 50078951
630 50295379
631 50512593
632 50730382
633 50948747
634 51167688
635 51387206
636 51607515
637 51828403
638 52049871
639 52271920
640 52494550
641 52717975
642 52941984
643 53166577
644 53391754
645 53617517
646 53844081
647 54071232
648 54298971
649 54527299
650 54756216
651 54985940
652 55216255
653 55447162
654 55678662
655 55910755
656 56143660
657 56377161
658 56611258
659 56845951
660 57081242
661 57317351
662 57554058
663 57791366
664 58029275
665 58267786
666 58507118
667 58747055
668 58987596
669 59228741
670 59470493
671 59713072
672 59956259
673 60200054
674 60444458
675 60689472
676 60935319
677 61181778
678 61428849
679 61676533
680 61924831
681 62173968
682 62423720
683 62674088
684 62925074
685 63176678
686 63429126
687 63682193
688 63935881
689 64190190
690 64445122
691 64700902
692 64957306
693 65214334
694 65471988
695 65730269
696 65989403
697 66249165
698 66509556
699 66770577
700 67032228
701 67294738
702 67557880
703 67821655
704 68086064
705 68351107
706 68617015
707 68883558
708 69150739
709 69418558
710 69687014
711 69956341
712 70226308
713 70496916
714 70768165
715 71040058
716 71312825
717 71586236
718 71860293
719 72134996
720 72410345
721 72686574
722 72963452
723 73240979
724 73519156
725 73797984
726 74077697
727 74358063
728 74639082
729 74920755
730 75203083
731 75486302
732 75770177
733 76054710
734 76339901
735 76625750
736 76912496
737 77199903
738 77487971
739 77776701
740 78066094
741 78356388
742 78647347
743 78938972
744 79231263
745 79524221
746 79818085
747 80112619
748 80407822
749 80703696
750 81000240
751 81297696
752 81595826
753 81894629
754 82194107
755 82494259
756 82795329
757 83097076
758 83399501
759 83702604
760 84006386
761 84311091
762 84616477
763 84922545
764 85229296
765 85536730
766 85845091
767 86154138
768 86463871
769 86774290
770 87085397
771 87397437
772 87710166
773 88023585
774 88337695
775 88652496
776 88968236
777 89284669
778 89601796
779 89919618
780 90238135
781 90557596
782 90877755
783 91198612
784 91520167
785 91842422
786 92165627
787 92489532
788 92814140
789 93139451
790 93465466
791 93792434
792 94120109
793 94448490
794 94777577
795 95107373
796 95438128
797 95769593
798 96101768
799 96434654
800 96768252
801 97102815
802 97438092
803 97774083
804 98110789
805 98448211
806 98786604
807 99125714
808 99465542
809 99806090
810 100147358
811 100489602
812 100832567
813 101176255
814 101520666
815 101865802
816 102211918
817 102558760
818 102906328
819 103254624
820 103603649
821 103953659
822 104304399
823 104655870
824 105008073
825 105361008
826 105714934
827 106069594
828 106424989
829 106781120
830 107137987
831 107495851
832 107854452
833 108213793
834 108573874
835 108934694
836 109296517
837 109659082
838 110022390
839 110386441
840 110751238
841 111117041
842 111483590
843 111850887
844 112218932
845 112587725
846 112957530
847 113328086
848 113699393
849 114071452
850 114444264
851 114818093
852 115192677
853 115568016
854 115944111
855 116320963
856 116698838
857 117077471
858 117456864
859 117837017
860 118217930
861 118599872
862 118982577
863 119366045
864 119750277
865 120135274
866 120521304
867 120908101
868 121295666
869 121683999
870 122073101
871 122463241
872 122854153
873 123245836
874 123638292
875 124031520
876 124425792
877 124820840
878 125216663
879 125613263
880 126010639
881 126409065
882 126808270
883 127208255
884 127609020
885 128010566
886 128413167
887 128816551
888 129220719
889 129625672
890 130031410
891 130438207
892 130845792
893 131254165
894 131663326
895 132073277
896 132484293
897 132896100
898 133308699
899 133722091
900 134136276
901 134551532
902 134967583
903 135384430
904 135802074
905 136220515
906 136640032
907 137060349
908 137481466
909 137903383
910 138326102
911 138749903
912 139174506
913 139599914
914 140026127
915 140453146
916 140881250
917 141310163
918 141739884
919 142170413
920 142601753
921 143034184
922 143467427
923 143901482
924 144336350
925 144772032
926 145208811
927 145646406
928 146084817
929 146524045
930 146964091
931 147405240
932 147847208
933 148289996
934 148733606
935 149178038
936 149623578
937 150069941
938 150517129
939 150965142
940 151413982
941 151863934
942 152314714
943 152766322
944 153218760
945 153672029
946 154126415
947 154581633
948 155037684
949 155494569
950 155952288
951 156411130
952 156870808
953 157331323
954 157792676
955 158254867
956 158718187
957 159182346
958 159647347
959 160113190
960 160579874
961 161047693
962 161516356
963 161985864
964 162456217
965 162927418
966 163399757
967 163872944
968 164346981
969 164821868
970 165297605
971 165774486
972 166252220
973 166730807
974 167210248
975 167690544
976 168171989
977 168654291
978 169137450
979 169621467
980 170106343
981 170592374
982 171079265
983 171567018
984 172055633
985 172545110
986 173035748
987 173527251
988 174019619
989 174512853
990 175006954
991 175502220
992 175998355
993 176495360
994 176993235
995 177491981
996 177991897
997 178492687
998 178994350
999 179496888
