1 301
2 605
3 1063
4 1676
5 2448
6 3533
7 4780
8 6192
9 7770
10 9516
11 11588
12 13834
13 16253
14 18850
15 21624
16 24738
17 28035
18 31517
19 35185
20 39042
21 43252
22 47654
23 52252
24 57047
25 62040
26 67399
27 72962
28 78730
29 84704
30 90888
31 97451
32 104227
33 111219
34 118428
35 125856
36 133676
37 141721
38 149990
39 158488
40 167214
41 176346
42 185712
43 195314
44 205153
45 215232
46 225730
47 236471
48 247459
49 258695
50 270180
51 282097
52 294269
53 306697
54 319382
55 332328
56 345719
57 359374
58 373296
59 387486
60 401946
61 416864
62 432058
63 447527
64 463276
65 479304
66 495804
67 512589
68 529661
69 547021
70 564672
71 582808
72 601238
73 619966
74 638993
75 658320
76 678145
77 698276
78 718714
79 739460
80 760518
81 782087
82 803971
83 826173
84 848694
85 871536
86 894902
87 918595
88 942614
89 966964
90 991644
91 1016862
92 1042416
93 1068308
94 1094539
95 1121112
96 1148236
97 1175705
98 1203523
99 1231691
100 1260210
101 1289293
102 1318733
103 1348531
104 1378688
105 1409208
106 1440305
107 1471768
108 1503600
109 1535802
110 1568376
111 1601540
112 1635082
113 1669001
114 1703302
115 1737984
116 1773270
117 1808943
118 1845005
119 1881457
120 1918302
121 1955764
122 1993622
123 2031880
124 2070539
125 2109600
126 2149291
127 2189390
128 2229898
129 2270816
130 2312148
131 2354123
132 2396515
133 2439327
134 2482560
135 2526216
136 2570528
137 2615269
138 2660438
139 2706040
140 2752074
141 2798778
142 2845920
143 2893502
144 2941525
145 2989992
146 3039142
147 3088739
148 3138787
149 3189287
150 3240240
151 3291889
152 3343997
153 3396565
154 3449594
155 3503088
156 3557291
157 3611962
158 3667104
159 3722718
160 3778806
161 3835616
162 3892906
163 3950675
164 4008928
165 4067664
166 4127136
167 4187097
168 4247549
169 4308493
170 4369932
171 4432120
172 4494806
173 4557994
174 4621685
175 4685880
176 4750837
177 4816304
178 4882282
179 4948772
180 5015778
181 5083559
182 5151859
183 5220681
184 5290026
185 5359896
186 5430554
187 5501743
188 5573462
189 5645716
190 5718504
191 5792094
192 5866224
193 5940896
194 6016111
195 6091872
196 6168448
197 6245573
198 6323251
199 6401483
200 6480270
201 6559885
202 6640061
203 6720799
204 6802100
205 6883968
206 6966677
207 7049956
208 7133808
209 7218234
210 7303236
211 7389092
212 7475530
213 7562549
214 7650154
215 7738344
216 7827402
217 7917051
218 8007293
219 8098129
220 8189562
221 8281876
222 8374790
223 8468308
224 8562431
225 8657160
226 8752783
227 8849018
228 8945866
229 9043328
230 9141408
231 9240395
232 9340003
233 9440235
234 9541092
235 9642576
236 9744980
237 9848017
238 9951686
239 10055992
240 10160934
241 10266810
242 10373328
243 10480490
244 10588297
245 10696752
246 10806154
247 10916207
248 11026915
249 11138279
250 11250300
251 11363281
252 11476925
253 11591233
254 11706206
255 11821848
256 11938463
257 12055750
258 12173712
259 12292350
260 12411666
261 12531968
262 12652954
263 12774623
264 12896980
265 13020024
266 13144068
267 13268805
268 13394237
269 13520365
270 13647192
271 13775032
272 13903574
273 14032822
274 14162777
275 14293440
276 14425129
277 14557532
278 14690650
279 14824484
280 14959038
281 15094631
282 15230947
283 15367989
284 15505758
285 15644256
286 15783806
287 15924091
288 16065110
289 16206868
290 16349364
291 16492926
292 16637232
293 16782284
294 16928083
295 17074632
296 17222260
297 17370641
298 17519779
299 17669675
300 17820330
301 17972077
302 18124589
303 18277867
304 18431912
305 18586728
306 18742649
307 18899344
308 19056816
309 19215066
310 19374096
311 19534244
312 19695178
313 19856897
314 20019406
315 20182704
316 20347134
317 20512359
318 20678381
319 20845201
320 21012822
321 21181588
322 21351158
323 21521536
324 21692723
325 21864720
326 22037875
327 22211846
328 22386634
329 22562240
330 22738668
331 22916267
332 23094691
333 23273943
334 23454024
335 23634936
336 23817032
337 23999965
338 24183734
339 24368344
340 24553794
341 24740442
342 24927936
343 25116278
344 25305469
345 25495512
346 25686766
347 25878875
348 26071843
349 26265671
350 26460360
351 26656273
352 26853053
353 27050701
354 27249218
355 27448608
356 27649235
357 27850738
358 28053120
359 28256382
360 28460526
361 28665920
362 28872202
363 29079371
364 29287432
365 29496384
366 29706600
367 29917713
368 30129725
369 30342637
370 30556452
371 30771544
372 30987542
373 31204450
374 31422269
375 31641000
376 31861021
377 32081960
378 32303818
379 32526596
380 32750298
381 32975303
382 33201235
383 33428097
384 33655890
385 33884616
386 34114658
387 34345639
388 34577558
389 34810420
390 35044224
391 35279358
392 35515440
393 35752472
394 35990455
395 36229392
396 36469672
397 36710909
398 36953107
399 37196267
400 37440390
401 37685869
402 37932317
403 38179735
404 38428124
405 38677488
406 38928221
407 39179932
408 39432624
409 39686298
410 39940956
411 40196996
412 40454026
413 40712045
414 40971058
415 41231064
416 41492466
417 41754867
418 42018269
419 42282673
420 42548082
421 42814900
422 43082726
423 43351564
424 43621415
425 43892280
426 44164567
427 44437874
428 44712202
429 44987552
430 45263928
431 45541739
432 45820579
433 46100451
434 46381356
435 46663296
436 46946684
437 47231113
438 47516582
439 47803096
440 48090654
441 48379674
442 48669744
443 48960866
444 49253041
445 49546272
446 49840978
447 50136743
448 50433571
449 50731463
450 51030420
451 51330865
452 51632381
453 51934969
454 52238630
455 52543368
456 52849607
457 53156926
458 53465328
459 53774814
460 54085386
461 54397472
462 54710650
463 55024919
464 55340284
465 55656744
466 55974732
467 56293821
468 56614013
469 56935309
470 57257712
471 57581656
472 57906710
473 58232878
474 58560161
475 58888560
476 59218513
477 59549588
478 59881786
479 60215108
480 60549558
481 60885575
482 61222723
483 61561005
484 61900422
485 62240976
486 62583110
487 62926387
488 63270806
489 63616372
490 63963084
491 64311390
492 64660848
493 65011460
494 65363227
495 65716152
496 66070684
497 66426377
498 66783235
499 67141259
500 67500450
501 67861261
502 68223245
503 68586403
504 68950736
505 69316248
506 69683393
507 70051720
508 70421232
509 70791930
510 71163816
511 71537348
512 71912074
513 72287993
514 72665110
515 73043424
516 73423398
517 73804575
518 74186957
519 74570545
520 74955342
521 75341812
522 75729494
523 76118392
524 76508507
525 76899840
526 77292859
527 77687102
528 78082570
529 78479264
530 78877188
531 79276811
532 79677667
533 80079759
534 80483088
535 80887656
536 81293936
537 81701461
538 82110230
539 82520248
540 82931514
541 83344506
542 83758752
543 84174254
544 84591013
545 85009032
546 85428790
547 85849811
548 86272099
549 86695655
550 87120480
551 87547057
552 87974909
553 88404037
554 88834442
555 89266128
556 89699579
557 90134314
558 90570336
559 91007646
560 91446246
561 91886624
562 92328298
563 92771267
564 93215536
565 93661104
566 94108464
567 94557129
568 95007101
569 95458381
570 95910972
571 96365368
572 96821078
573 97278106
574 97736453
575 98196120
576 98657605
577 99120416
578 99584554
579 100050020
580 100516818
581 100985447
582 101455411
583 101926713
584 102399354
585 102873336
586 103349162
587 103826335
588 104304854
589 104784724
590 105265944
591 105749022
592 106233456
593 106719248
594 107206399
595 107694912
596 108185296
597 108677045
598 109170163
599 109664651
600 110160510
601 110658253
602 111157373
603 111657871
604 112159748
605 112663008
606 113168165
607 113674708
608 114182640
609 114691962
610 115202676
611 115715300
612 116229322
613 116744741
614 117261562
615 117779784
616 118299930
617 118821483
618 119344445
619 119868817
620 120394602
621 120922324
622 121451462
623 121982020
624 122513999
625 123047400
626 123582751
627 124119530
628 124657738
629 125197376
630 125738448
631 126281483
632 126825955
633 127371867
634 127919220
635 128468016
636 129018788
637 129571009
638 130124678
639 130679800
640 131236374
641 131794938
642 132354960
643 132916442
644 133479385
645 134043792
646 134610202
647 135178079
648 135747427
649 136318247
650 136890540
651 137464849
652 138040637
653 138617905
654 139196654
655 139776888
656 140359151
657 140942902
658 141528144
659 142114878
660 142703106
661 143293376
662 143885146
663 144478415
664 145073188
665 145669464
666 146267796
667 146867637
668 147468989
669 148071853
670 148676232
671 149282680
672 149890646
673 150500134
674 151111145
675 151723680
676 152338297
677 152954444
678 153572122
679 154191332
680 154812078
681 155434919
682 156059299
683 156685221
684 157312686
685 157941696
686 158572814
687 159205483
688 159839702
689 160475476
690 161112804
691 161752254
692 162393264
693 163035836
694 163679971
695 164325672
696 164973508
697 165622913
698 166273891
699 166926443
700 167580570
701 168236845
702 168894701
703 169554139
704 170215160
705 170877768
706 171542537
707 172208896
708 172876848
709 173546394
710 174217536
711 174890852
712 175565770
713 176242289
714 176920414
715 177600144
716 178282062
717 178965591
718 179650733
719 180337489
720 181025862
721 181716436
722 182408630
723 183102448
724 183797891
725 184494960
726 185194243
727 185895158
728 186597706
729 187301888
730 188007708
731 188715755
732 189425443
733 190136775
734 190849752
735 191564376
736 192281240
737 192999757
738 193719926
739 194441752
740 195165234
741 195890970
742 196618368
743 197347430
744 198078157
745 198810552
746 199545214
747 200281547
748 201019555
749 201759239
750 202500600
751 203244241
752 203989565
753 204736573
754 205485266
755 206235648
756 206988323
757 207742690
758 208498752
759 209256510
760 210015966
761 210777728
762 211541194
763 212306363
764 213073240
765 213841824
766 214612728
767 215385345
768 216159677
769 216935725
770 217713492
771 218493592
772 219275414
773 220058962
774 220844237
775 221631240
776 222420589
777 223211672
778 224004490
779 224799044
780 225595338
781 226393991
782 227194387
783 227996529
784 228800418
785 229606056
786 230414066
787 231223831
788 232035350
789 232848628
790 233663664
791 234481086
792 235300272
793 236121224
794 236943943
795 237768432
796 238595320
797 239423981
798 240254419
799 241086635
800 241920630
801 242757037
802 243595229
803 244435207
804 245276972
805 246120528
806 246966509
807 247814284
808 248663856
809 249515226
810 250368396
811 251224004
812 252081418
813 252940637
814 253801666
815 254664504
816 255529794
817 256396899
818 257265821
819 258136561
820 259009122
821 259884148
822 260760998
823 261639676
824 262520183
825 263402520
826 264287335
827 265173986
828 266062474
829 266952800
830 267844968
831 268739627
832 269636131
833 270534483
834 271434684
835 272336736
836 273241292
837 274147705
838 275055974
839 275966104
840 276878094
841 277792602
842 278708976
843 279627218
844 280547329
845 281469312
846 282393826
847 283320215
848 284248483
849 285178631
850 286110660
851 287045233
852 287981693
853 288920041
854 289860278
855 290802408
856 291747095
857 292693678
858 293642160
859 294592542
860 295544826
861 296499680
862 297456442
863 298415111
864 299375692
865 300338184
866 301303260
867 302270253
868 303239165
869 304209997
870 305182752
871 306158104
872 307135382
873 308114590
874 309095729
875 310078800
876 311064481
877 312052100
878 313041658
879 314033156
880 315026598
881 316022663
882 317020675
883 318020637
884 319022550
885 320026416
886 321032918
887 322041379
888 323051798
889 324064180
890 325078524
891 326095518
892 327114480
893 328135412
894 329158315
895 330183192
896 331210732
897 332240249
898 333271747
899 334305227
900 335340690
901 336378829
902 337418957
903 338461075
904 339505184
905 340551288
906 341600081
907 342650872
908 343703664
909 344758458
910 345815256
911 346874756
912 347936266
913 348999785
914 350065318
915 351132864
916 352203126
917 353275407
918 354349709
919 355426033
920 356504382
921 357585460
922 358668566
923 359753704
924 360840875
925 361930080
926 363022027
927 364116014
928 365212042
929 366310112
930 367410228
931 368513099
932 369618019
933 370724991
934 371834016
935 372945096
936 374058944
937 375174853
938 376292822
939 377412856
940 378534954
941 379659834
942 380786784
943 381915806
944 383046901
945 384180072
946 385316038
947 386454083
948 387594211
949 388736423
950 389880720
951 391027825
952 392177021
953 393328309
954 394481690
955 395637168
956 396795467
957 397955866
958 399118368
959 400282974
960 401449686
961 402619232
962 403790890
963 404964659
964 406140544
965 407318544
966 408499392
967 409682361
968 410867453
969 412054669
970 413244012
971 414436216
972 415630550
973 416827018
974 418025621
975 419226360
976 420429973
977 421635728
978 422843626
979 424053668
980 425265858
981 426480935
982 427698163
983 428917545
984 430139082
985 431362776
986 432589370
987 433818127
988 435049046
989 436282132
990 437517384
991 438755550
992 439995888
993 441238400
994 442483087
995 443729952
996 444979744
997 446231717
998 447485875
999 448742219
