1 96
2 194
3 340
4 536
5 783
6 1130
7 1530
8 1981
9 2486
10 3045
11 3708
12 4427
13 5201
14 6032
15 6920
16 7916
17 8971
18 10085
19 11259
20 12493
21 13841
22 15249
23 16721
24 18255
25 19853
26 21568
27 23348
28 25193
29 27105
30 29084
31 31184
32 33353
33 35590
34 37897
35 40274
36 42776
37 45351
38 47997
39 50716
40 53508
41 56431
42 59428
43 62500
44 65649
45 68874
46 72233
47 75671
48 79187
49 82782
50 86458
51 90271
52 94166
53 98143
54 102202
55 106345
56 110630
57 115000
58 119455
59 123996
60 128623
61 133397
62 138258
63 143209
64 148248
65 153377
66 158657
67 164028
68 169491
69 175047
70 180695
71 186498
72 192396
73 198389
74 204478
75 210662
76 217006
77 223448
78 229988
79 236627
80 243366
81 250268
82 257271
83 264375
84 271582
85 278892
86 286369
87 293950
88 301637
89 309428
90 317326
91 325396
92 333573
93 341858
94 350253
95 358756
96 367435
97 376226
98 385127
99 394141
100 403267
101 412574
102 421994
103 431530
104 441180
105 450947
106 460898
107 470966
108 481152
109 491457
110 501880
111 512493
112 523226
113 534080
114 545057
115 556155
116 567446
117 578862
118 590402
119 602066
120 613857
121 625844
122 637959
123 650202
124 662572
125 675072
126 687773
127 700605
128 713567
129 726661
130 739887
131 753319
132 766885
133 780585
134 794419
135 808389
136 822569
137 836886
138 851340
139 865933
140 880664
141 895609
142 910694
143 925921
144 941288
145 956797
146 972525
147 988397
148 1004412
149 1020572
150 1036877
151 1053405
152 1070079
153 1086901
154 1103870
155 1120988
156 1138333
157 1155828
158 1173473
159 1191270
160 1209218
161 1227397
162 1245730
163 1264216
164 1282857
165 1301652
166 1320684
167 1339871
168 1359216
169 1378718
170 1398378
171 1418278
172 1438338
173 1458558
174 1478939
175 1499482
176 1520268
177 1541217
178 1562330
179 1583607
180 1605049
181 1626739
182 1648595
183 1670618
184 1692808
185 1715167
186 1737777
187 1760558
188 1783508
189 1806629
190 1829921
191 1853470
192 1877192
193 1901087
194 1925156
195 1949399
196 1973903
197 1998583
198 2023440
199 2048474
200 2073686
201 2099163
202 2124819
203 2150656
204 2176672
205 2202870
206 2229337
207 2255986
208 2282819
209 2309835
210 2337036
211 2364510
212 2392169
213 2420016
214 2448049
215 2476270
216 2504769
217 2533456
218 2562334
219 2591401
220 2620660
221 2650200
222 2679933
223 2709859
224 2739978
225 2770291
226 2800891
227 2831686
228 2862677
229 2893865
230 2925251
231 2956926
232 2988801
233 3020875
234 3053149
235 3085624
236 3118394
237 3151365
238 3184540
239 3217917
240 3251499
241 3285379
242 3319465
243 3353757
244 3388255
245 3422961
246 3457969
247 3493186
248 3528613
249 3564249
250 3600096
251 3636250
252 3672616
253 3709194
254 3745986
255 3782991
256 3820308
257 3857840
258 3895588
259 3933552
260 3971733
261 4010230
262 4048945
263 4087879
264 4127033
265 4166408
266 4206102
267 4246018
268 4286156
269 4326517
270 4367101
271 4408010
272 4449144
273 4490503
274 4532089
275 4573901
276 4616041
277 4658410
278 4701008
279 4743835
280 4786892
281 4830282
282 4873903
283 4917756
284 4961843
285 5006162
286 5050818
287 5095709
288 5140835
289 5186198
290 5231796
291 5277736
292 5323914
293 5370331
294 5416987
295 5463882
296 5511123
297 5558605
298 5606329
299 5654296
300 5702506
301 5751065
302 5799868
303 5848917
304 5898212
305 5947753
306 5997648
307 6047790
308 6098181
309 6148821
310 6199711
311 6250958
312 6302457
313 6354207
314 6406210
315 6458465
316 6511083
317 6563955
318 6617082
319 6670464
320 6724103
321 6778108
322 6832371
323 6886892
324 6941671
325 6996710
326 7052120
327 7107791
328 7163723
329 7219917
330 7276374
331 7333205
332 7390301
333 7447662
334 7505288
335 7563180
336 7621450
337 7679989
338 7738795
339 7797870
340 7857214
341 7916941
342 7976940
343 8037209
344 8097750
345 8158564
346 8219765
347 8281240
348 8342990
349 8405015
350 8467315
351 8530007
352 8592977
353 8656224
354 8719750
355 8783555
356 8847755
357 8912236
358 8976998
359 9042042
360 9107368
361 9173095
362 9239105
363 9305399
364 9371978
365 9438843
366 9506112
367 9573668
368 9641512
369 9709644
370 9778065
371 9846894
372 9916014
373 9985424
374 10055126
375 10125120
376 10195527
377 10266227
378 10337222
379 10408511
380 10480095
381 10552097
382 10624395
383 10696991
384 10769885
385 10843077
386 10916691
387 10990604
388 11064819
389 11139334
390 11214152
391 11289395
392 11364941
393 11440791
394 11516946
395 11593405
396 11670295
397 11747491
398 11824994
399 11902805
400 11980925
401 12059478
402 12138341
403 12217515
404 12297000
405 12376796
406 12457031
407 12537578
408 12618440
409 12699615
410 12781106
411 12863039
412 12945288
413 13027855
414 13110738
415 13193940
416 13277589
417 13361557
418 13445846
419 13530455
420 13615386
421 13700768
422 13786472
423 13872501
424 13958853
425 14045530
426 14132662
427 14220120
428 14307905
429 14396017
430 14484457
431 14573356
432 14662585
433 14752144
434 14842034
435 14932255
436 15022939
437 15113956
438 15205306
439 15296991
440 15389009
441 15481496
442 15574318
443 15667477
444 15760973
445 15854807
446 15949113
447 16043758
448 16138743
449 16234068
450 16329734
451 16425877
452 16522362
453 16619190
454 16716362
455 16813878
456 16911874
457 17010216
458 17108905
459 17207940
460 17307324
461 17407191
462 17507408
463 17607974
464 17708891
465 17810158
466 17911914
467 18014023
468 18116484
469 18219299
470 18322468
471 18426130
472 18530147
473 18634521
474 18739251
475 18844339
476 18949924
477 19055868
478 19162171
479 19268835
480 19375859
481 19483384
482 19591271
483 19699522
484 19808135
485 19917112
486 20026595
487 20136444
488 20246658
489 20357239
490 20468187
491 20579645
492 20691471
493 20803667
494 20916233
495 21029169
496 21142619
497 21256441
498 21370635
499 21485203
500 21600144
501 21715604
502 21831438
503 21947649
504 22064236
505 22181199
506 22298686
507 22416550
508 22534794
509 22653418
510 22772421
511 22891951
512 23011864
513 23132158
514 23252835
515 23373896
516 23495487
517 23617464
518 23739826
519 23862574
520 23985709
521 24109380
522 24233438
523 24357886
524 24482722
525 24607949
526 24733715
527 24859873
528 24986422
529 25113365
530 25240700
531 25368579
532 25496854
533 25625523
534 25754588
535 25884050
536 26014060
537 26144467
538 26275274
539 26406479
540 26538084
541 26670242
542 26802801
543 26935761
544 27069124
545 27202890
546 27337213
547 27471940
548 27607072
549 27742610
550 27878554
551 28015058
552 28151971
553 28289292
554 28427022
555 28565161
556 28703865
557 28842981
558 28982508
559 29122447
560 29262799
561 29403720
562 29545055
563 29686806
564 29828971
565 29971553
566 30114708
567 30258281
568 30402272
569 30546682
570 30691511
571 30836918
572 30982745
573 31128994
574 31275665
575 31422758
576 31570434
577 31718533
578 31867057
579 32016007
580 32165382
581 32315343
582 32465732
583 32616548
584 32767793
585 32919468
586 33071732
587 33224427
588 33377553
589 33531112
590 33685102
591 33839687
592 33994706
593 34150159
594 34306048
595 34462372
596 34619295
597 34776655
598 34934452
599 35092688
600 35251363
601 35410641
602 35570359
603 35730519
604 35891119
605 36052163
606 36213813
607 36375907
608 36538445
609 36701428
610 36864856
611 37028896
612 37193383
613 37358317
614 37523700
615 37689531
616 37855978
617 38022875
618 38190222
619 38358022
620 38526273
621 38695144
622 38864468
623 39034246
624 39204480
625 39375168
626 39546480
627 39718250
628 39890476
629 40063160
630 40236303
631 40410074
632 40584306
633 40758997
634 40934150
635 41109765
636 41286012
637 41462723
638 41639897
639 41817536
640 41995640
641 42174380
642 42353587
643 42533261
644 42713403
645 42894013
646 43075265
647 43256985
648 43439177
649 43621839
650 43804973
651 43988752
652 44173004
653 44357729
654 44542929
655 44728604
656 44914928
657 45101729
658 45289006
659 45476761
660 45664994
661 45853880
662 46043247
663 46233093
664 46423420
665 46614228
666 46805695
667 46997644
668 47190076
669 47382993
670 47576394
671 47770457
672 47965007
673 48160043
674 48355566
675 48551578
676 48748255
677 48945422
678 49143079
679 49341226
680 49539865
681 49739174
682 49938976
683 50139271
684 50340060
685 50541343
686 50743301
687 50945754
688 51148705
689 51352152
690 51556097
691 51760721
692 51965844
693 52171467
694 52377591
695 52584215
696 52791522
697 52999332
698 53207645
699 53416462
700 53625782
701 53835790
702 54046304
703 54257324
704 54468851
705 54680886
706 54893612
707 55106847
708 55320591
709 55534846
710 55749612
711 55965073
712 56181046
713 56397533
714 56614532
715 56832046
716 57050260
717 57268989
718 57488234
719 57707997
720 57928276
721 58149259
722 58370762
723 58592783
724 58815325
725 59038387
726 59262158
727 59486450
728 59711266
729 59936604
730 60162467
731 60389042
732 60616142
733 60843768
734 61071921
735 61300600
736 61529997
737 61759922
738 61990376
739 62221361
740 62452875
741 62685110
742 62917878
743 63151178
744 63385010
745 63619377
746 63854468
747 64090095
748 64326258
749 64562956
750 64800192
751 65038157
752 65276661
753 65515703
754 65755285
755 65995407
756 66236263
757 66477661
758 66719601
759 66962083
760 67205109
761 67448873
762 67693182
763 67938036
764 68183437
765 68429384
766 68676073
767 68923310
768 69171097
769 69419432
770 69668317
771 69917949
772 70168133
773 70418868
774 70670156
775 70921997
776 71174589
777 71427735
778 71681437
779 71935694
780 72190508
781 72446077
782 72702204
783 72958889
784 73216134
785 73473938
786 73732501
787 73991626
788 74251312
789 74511561
790 74772372
791 75033948
792 75296087
793 75558792
794 75822062
795 76085898
796 76350502
797 76615674
798 76881414
799 77147723
800 77414602
801 77682252
802 77950473
803 78219266
804 78488631
805 78758569
806 79029283
807 79300571
808 79572434
809 79844872
810 80117887
811 80391681
812 80666054
813 80941004
814 81216533
815 81492641
816 81769534
817 82047008
818 82325063
819 82603700
820 82882919
821 83162927
822 83443519
823 83724696
824 84006458
825 84288806
826 84571947
827 84855675
828 85139992
829 85424896
830 85710390
831 85996681
832 86283562
833 86571035
834 86859099
835 87147756
836 87437214
837 87727265
838 88017912
839 88309153
840 88600990
841 88893633
842 89186872
843 89480710
844 89775145
845 90070180
846 90366024
847 90662469
848 90959515
849 91257162
850 91555411
851 91854475
852 92154142
853 92454413
854 92755289
855 93056771
856 93359070
857 93661977
858 93965491
859 94269613
860 94574344
861 94879898
862 95186061
863 95492836
864 95800221
865 96108219
866 96417043
867 96726481
868 97036533
869 97347199
870 97658481
871 97970593
872 98283322
873 98596669
874 98910633
875 99225216
876 99540634
877 99856672
878 100173330
879 100490610
880 100808511
881 101127252
882 101446616
883 101766604
884 102087216
885 102408453
886 102730534
887 103053241
888 103376575
889 103700537
890 104025128
891 104350566
892 104676634
893 105003332
894 105330661
895 105658621
896 105987434
897 106316880
898 106646959
899 106977673
900 107309021
901 107641225
902 107974066
903 108307544
904 108641659
905 108976412
906 109312026
907 109648279
908 109985172
909 110322707
910 110660882
911 110999922
912 111339605
913 111679931
914 112020902
915 112362516
916 112705000
917 113048130
918 113391907
919 113736331
920 114081402
921 114427347
922 114773941
923 115121185
924 115469080
925 115817626
926 116167049
927 116517124
928 116867853
929 117219236
930 117571273
931 117924192
932 118277766
933 118631997
934 118986885
935 119342431
936 119698862
937 120055953
938 120413703
939 120772114
940 121131185
941 121491147
942 121851771
943 122213058
944 122575008
945 122937623
946 123301132
947 123665307
948 124030148
949 124395655
950 124761830
951 125128904
952 125496647
953 125865059
954 126234141
955 126603894
956 126974549
957 127345877
958 127717878
959 128090552
960 128463900
961 128838154
962 129213085
963 129588691
964 129964974
965 130341934
966 130719805
967 131098356
968 131477585
969 131857494
970 132238084
971 132619589
972 133001776
973 133384646
974 133768199
975 134152435
976 134537591
977 134923433
978 135309960
979 135697174
980 136085075
981 136473899
982 136863412
983 137253614
984 137644506
985 138036088
986 138428599
987 138821801
988 139215695
989 139610282
990 140005563
991 140401776
992 140798684
993 141196288
994 141594588
995 141993585
996 142393518
997 142794150
998 143195480
999 143597510
