1 60
2 121
3 213
4 335
5 490
6 707
7 956
8 1238
9 1554
10 1903
11 2318
12 2767
13 3251
14 3770
15 4325
16 4948
17 5607
18 6303
19 7037
20 7808
21 8650
22 9531
23 10450
24 11409
25 12408
26 13480
27 14592
28 15746
29 16941
30 18178
31 19490
32 20845
33 22244
34 23686
35 25171
36 26735
37 28344
38 29998
39 31698
40 33443
41 35269
42 37142
43 39063
44 41031
45 43046
46 45146
47 47294
48 49492
49 51739
50 54036
51 56419
52 58854
53 61339
54 63876
55 66466
56 69144
57 71875
58 74659
59 77497
60 80389
61 83373
62 86412
63 89505
64 92655
65 95861
66 99161
67 102518
68 105932
69 109404
70 112934
71 116562
72 120248
73 123993
74 127799
75 131664
76 135629
77 139655
78 143743
79 147892
80 152104
81 156417
82 160794
83 165235
84 169739
85 174307
86 178980
87 183719
88 188523
89 193393
90 198329
91 203372
92 208483
93 213662
94 218908
95 224222
96 229647
97 235141
98 240705
99 246338
100 252042
101 257859
102 263747
103 269706
104 275738
105 281842
106 288061
107 294354
108 300720
109 307160
110 313675
111 320308
112 327016
113 333800
114 340660
115 347597
116 354654
117 361789
118 369001
119 376291
120 383660
121 391153
122 398724
123 406376
124 414108
125 421920
126 429858
127 437878
128 445980
129 454163
130 462430
131 470825
132 479303
133 487865
134 496512
135 505243
136 514106
137 523054
138 532088
139 541208
140 550415
141 559756
142 569184
143 578700
144 588305
145 597998
146 607828
147 617748
148 627757
149 637857
150 648048
151 658378
152 668799
153 679313
154 689919
155 700618
156 711458
157 722392
158 733421
159 744544
160 755761
161 767123
162 778581
163 790135
164 801786
165 813533
166 825427
167 837419
168 849510
169 861699
170 873986
171 886424
172 898961
173 911599
174 924337
175 937176
176 950167
177 963261
178 976456
179 989754
180 1003156
181 1016712
182 1030372
183 1044136
184 1058005
185 1071979
186 1086111
187 1100349
188 1114692
189 1129143
190 1143701
191 1158419
192 1173245
193 1188179
194 1203222
195 1218374
196 1233690
197 1249115
198 1264650
199 1280297
200 1296054
201 1311977
202 1328012
203 1344160
204 1360420
205 1376794
206 1393335
207 1409991
208 1426762
209 1443647
210 1460647
211 1477818
212 1495106
213 1512510
214 1530031
215 1547669
216 1565480
217 1583410
218 1601459
219 1619626
220 1637912
221 1656375
222 1674958
223 1693662
224 1712486
225 1731432
226 1750557
227 1769804
228 1789173
229 1808666
230 1828282
231 1848079
232 1868001
233 1888047
234 1908218
235 1928515
236 1948996
237 1969603
238 1990337
239 2011198
240 2032187
241 2053362
242 2074666
243 2096098
244 2117659
245 2139350
246 2161231
247 2183241
248 2205383
249 2227656
250 2250060
251 2272656
252 2295385
253 2318247
254 2341241
255 2364370
256 2387693
257 2411150
258 2434742
259 2458470
260 2482333
261 2506394
262 2530591
263 2554925
264 2579396
265 2604005
266 2628814
267 2653761
268 2678847
269 2704073
270 2729438
271 2755006
272 2780715
273 2806564
274 2832555
275 2858688
276 2885026
277 2911506
278 2938130
279 2964897
280 2991808
281 3018926
282 3046189
283 3073598
284 3101152
285 3128851
286 3156761
287 3184818
288 3213022
289 3241374
290 3269873
291 3298585
292 3327446
293 3356457
294 3385617
295 3414926
296 3444452
297 3474128
298 3503956
299 3533935
300 3564066
301 3594415
302 3624918
303 3655573
304 3686382
305 3717346
306 3748530
307 3779869
308 3811363
309 3843013
310 3874819
311 3906849
312 3939036
313 3971379
314 4003881
315 4036541
316 4069427
317 4102472
318 4135676
319 4169040
320 4202564
321 4236318
322 4270232
323 4304307
324 4338545
325 4372944
326 4407575
327 4442369
328 4477327
329 4512448
330 4547734
331 4583253
332 4618938
333 4654789
334 4690805
335 4726987
336 4763406
337 4799993
338 4836747
339 4873669
340 4910759
341 4948088
342 4985587
343 5023256
344 5061094
345 5099102
346 5137353
347 5175775
348 5214369
349 5253134
350 5292072
351 5331255
352 5370611
353 5410140
354 5449844
355 5489722
356 5529847
357 5570148
358 5610624
359 5651276
360 5692105
361 5733184
362 5774440
363 5815874
364 5857486
365 5899277
366 5941320
367 5983543
368 6025945
369 6068527
370 6111290
371 6154309
372 6197508
373 6240890
374 6284454
375 6328200
376 6372204
377 6416392
378 6460764
379 6505319
380 6550060
381 6595061
382 6640247
383 6685619
384 6731178
385 6776923
386 6822932
387 6869128
388 6915512
389 6962084
390 7008845
391 7055872
392 7103088
393 7150494
394 7198091
395 7245878
396 7293934
397 7342182
398 7390621
399 7439253
400 7488078
401 7537174
402 7586463
403 7635947
404 7685625
405 7735498
406 7785644
407 7835986
408 7886525
409 7937260
410 7988191
411 8039399
412 8090805
413 8142409
414 8194212
415 8246213
416 8298493
417 8350973
418 8403654
419 8456535
420 8509616
421 8562980
422 8616545
423 8670313
424 8724283
425 8778456
426 8832913
427 8887575
428 8942440
429 8997510
430 9052786
431 9108348
432 9164116
433 9220090
434 9276271
435 9332659
436 9389337
437 9446223
438 9503316
439 9560619
440 9618131
441 9675935
442 9733949
443 9792173
444 9850608
445 9909254
446 9968196
447 10027349
448 10086714
449 10146293
450 10206084
451 10266173
452 10326476
453 10386994
454 10447726
455 10508674
456 10569921
457 10631385
458 10693066
459 10754963
460 10817077
461 10879494
462 10942130
463 11004984
464 11068057
465 11131349
466 11194946
467 11258764
468 11322803
469 11387062
470 11451542
471 11516331
472 11581342
473 11646576
474 11712032
475 11777712
476 11843703
477 11909918
478 11976357
479 12043022
480 12109912
481 12177115
482 12244545
483 12312201
484 12380084
485 12448195
486 12516622
487 12585277
488 12654161
489 12723274
490 12792617
491 12862278
492 12932170
493 13002292
494 13072645
495 13143230
496 13214137
497 13285275
498 13356647
499 13428252
500 13500090
501 13572252
502 13644649
503 13717281
504 13790147
505 13863250
506 13936679
507 14010344
508 14084246
509 14158386
510 14232763
511 14307470
512 14382415
513 14457599
514 14533022
515 14608685
516 14684680
517 14760915
518 14837391
519 14914109
520 14991068
521 15068362
522 15145899
523 15223678
524 15301701
525 15379968
526 15458572
527 15537420
528 15616514
529 15695853
530 15775438
531 15855362
532 15935533
533 16015952
534 16096618
535 16177531
536 16258787
537 16340292
538 16422046
539 16504050
540 16586303
541 16668901
542 16751750
543 16834851
544 16918203
545 17001806
546 17085758
547 17169962
548 17254420
549 17339131
550 17424096
551 17509411
552 17594982
553 17680807
554 17766888
555 17853226
556 17939916
557 18026863
558 18114067
559 18201529
560 18289249
561 18377325
562 18465660
563 18554253
564 18643107
565 18732221
566 18821693
567 18911426
568 19001420
569 19091676
570 19182194
571 19273074
572 19364216
573 19455621
574 19547291
575 19639224
576 19731521
577 19824083
578 19916911
579 20010004
580 20103364
581 20197089
582 20291082
583 20385343
584 20479871
585 20574667
586 20669832
587 20765267
588 20860971
589 20956945
590 21053189
591 21149804
592 21246691
593 21343850
594 21441280
595 21538982
596 21637059
597 21735409
598 21834033
599 21932930
600 22032102
601 22131651
602 22231475
603 22331574
604 22431950
605 22532602
606 22633633
607 22734942
608 22836528
609 22938392
610 23040535
611 23143060
612 23245864
613 23348948
614 23452312
615 23555957
616 23659986
617 23764297
618 23868889
619 23973763
620 24078920
621 24184465
622 24290292
623 24396404
624 24502800
625 24609480
626 24716550
627 24823906
628 24931548
629 25039475
630 25147690
631 25256297
632 25365191
633 25474373
634 25583844
635 25693603
636 25803758
637 25914202
638 26024936
639 26135960
640 26247275
641 26358988
642 26470992
643 26583288
644 26695877
645 26808758
646 26922040
647 27035616
648 27149485
649 27263649
650 27378108
651 27492970
652 27608127
653 27723581
654 27839331
655 27955378
656 28071830
657 28188580
658 28305629
659 28422976
660 28540621
661 28658675
662 28777029
663 28895683
664 29014638
665 29133893
666 29253559
667 29373527
668 29493798
669 29614371
670 29735246
671 29856536
672 29978129
673 30100027
674 30222229
675 30344736
676 30467659
677 30590889
678 30714424
679 30838266
680 30962416
681 31086984
682 31211860
683 31337044
684 31462537
685 31588339
686 31714563
687 31841097
688 31967940
689 32095095
690 32222561
691 32350451
692 32478653
693 32607167
694 32735994
695 32865134
696 32994702
697 33124583
698 33254778
699 33385289
700 33516114
701 33647369
702 33778940
703 33910828
704 34043032
705 34175554
706 34308507
707 34441779
708 34575370
709 34709279
710 34843507
711 34978170
712 35113154
713 35248458
714 35384083
715 35520029
716 35656412
717 35793118
718 35930147
719 36067498
720 36205172
721 36343287
722 36481726
723 36620490
724 36759578
725 36898992
726 37038849
727 37179032
728 37319541
729 37460378
730 37601542
731 37743151
732 37885089
733 38027355
734 38169950
735 38312875
736 38456248
737 38599951
738 38743985
739 38888350
740 39033047
741 39178194
742 39323674
743 39469486
744 39615631
745 39762110
746 39909043
747 40056309
748 40203911
749 40351848
750 40500120
751 40648848
752 40797913
753 40947315
754 41097053
755 41247130
756 41397665
757 41548538
758 41699750
759 41851302
760 42003193
761 42155546
762 42308239
763 42461273
764 42614648
765 42768365
766 42922546
767 43077069
768 43231935
769 43387145
770 43542698
771 43698718
772 43855083
773 44011792
774 44168847
775 44326248
776 44484118
777 44642334
778 44800898
779 44959809
780 45119068
781 45278798
782 45438877
783 45599306
784 45760084
785 45921211
786 46082813
787 46244766
788 46407070
789 46569726
790 46732733
791 46896217
792 47060054
793 47224245
794 47388789
795 47553686
796 47719064
797 47884796
798 48050884
799 48217327
800 48384126
801 48551407
802 48719046
803 48887041
804 49055394
805 49224106
806 49393302
807 49562857
808 49732771
809 49903045
810 50073679
811 50244801
812 50416284
813 50588127
814 50760333
815 50932901
816 51105959
817 51279380
818 51453164
819 51627312
820 51801824
821 51976830
822 52152200
823 52327935
824 52504037
825 52680504
826 52857467
827 53034797
828 53212495
829 53390560
830 53568994
831 53747925
832 53927226
833 54106897
834 54286937
835 54467347
836 54648258
837 54829541
838 55011195
839 55193221
840 55375619
841 55558520
842 55741795
843 55925444
844 56109466
845 56293862
846 56478765
847 56664043
848 56849697
849 57035726
850 57222132
851 57409047
852 57596339
853 57784008
854 57972056
855 58160482
856 58349419
857 58538736
858 58728432
859 58918508
860 59108965
861 59299936
862 59491288
863 59683022
864 59875138
865 60067637
866 60260652
867 60454051
868 60647833
869 60841999
870 61036550
871 61231621
872 61427076
873 61622918
874 61819146
875 62015760
876 62212896
877 62410420
878 62608332
879 62806631
880 63005320
881 63204533
882 63404135
883 63604127
884 63804510
885 64005283
886 64206584
887 64408276
888 64610360
889 64812836
890 65015705
891 65219104
892 65422896
893 65627082
894 65831663
895 66036638
896 66242146
897 66448050
898 66654349
899 66861045
900 67068138
901 67275766
902 67483791
903 67692215
904 67901037
905 68110258
906 68320016
907 68530174
908 68740733
909 68951692
910 69163051
911 69374951
912 69587253
913 69799957
914 70013064
915 70226573
916 70440625
917 70655081
918 70869942
919 71085207
920 71300876
921 71517092
922 71733713
923 71950741
924 72168175
925 72386016
926 72604405
927 72823203
928 73042408
929 73262022
930 73482046
931 73702620
932 73923604
933 74144998
934 74366803
935 74589019
936 74811789
937 75034971
938 75258564
939 75482571
940 75706991
941 75931967
942 76157357
943 76383161
944 76609380
945 76836014
946 77063208
947 77290817
948 77518842
949 77747285
950 77976144
951 78205565
952 78435404
953 78665662
954 78896338
955 79127434
956 79359093
957 79591173
958 79823674
959 80056595
960 80289937
961 80523846
962 80758178
963 80992932
964 81228109
965 81463709
966 81699878
967 81936472
968 82173491
969 82410934
970 82648802
971 82887243
972 83126110
973 83365404
974 83605124
975 83845272
976 84085995
977 84327146
978 84568725
979 84810734
980 85053172
981 85296187
982 85539633
983 85783509
984 86027816
985 86272555
986 86517874
987 86763625
988 87009809
989 87256426
990 87503477
991 87751110
992 87999178
993 88247680
994 88496617
995 88745990
996 88995949
997 89246343
998 89497175
999 89748444
